 0:  37  91  40  30 105  95  44  96  92  29  14   7
 1:  89  76  20 107  81  17  83 109
 2:  80  42 101  15   9  18  45  82  31
 3:  18 110  86  27  51  14  25  90  69
 4:  68   6  72  12 109  20  38  23   2  45
 5:  14  53  10  23  27 116  47 100  87
 6: 110 104 101  76  74  48  25  39  21  32   2  13 116  15
 7: 113  98  80  93  28 101  45  51 119  41  21
 8:  33  57  46  11 103
 9:  78  53  41  93  91  28
10:  61  48  10  64  68  86   3  44
11:  86  14  88  35  70  55  59 117  91  50  58  89  61
12: 118  58   4  54  46  56
13:  97  95  51  72   1  85  35   0  47  31 111   7  30  16
14:  67  20  23
15: 108  57  67 104 100  77  62  46  39  27 105  16  93  10  54  42
16:  27  58  96   5  81  21  68  57  45  92  78  11  61  62  84  35
17:   9  56
18:  71
19: 117  61  30  78   3  82  75  40  11  29  27  17  65  76
20:  40   8  28
21:   2 105  80  19  46 118  40 112  68   8  16
22:  11  64 101
23:  27  20  89
24:  25  80 108
25:  38  68 111  18 102 100  60  83  88  15 119  26   1  98   6  43   2
26:  18  32  95   3  36
27:  33  49   5 118  92  90 103 114  15  76  30  66  74
28:  62 115  78  17  92  47   9  88 103  25 116  22  55  13  16
29:  38  52  96  39  57  95 105  76  98
30:  20  62  85  76  47  32  67 110 117  61  11   5  72  34  58  41 100 106
31:  20  28 113
32:  71 118
33:  50  20  61  11  75  17  46  81
34:  83  41  66  57  34  65  79  14  75
35:  40  57  98
36:  43  89  77 106  33  18  57  63  16  19
37:   4   5   1  67  65  92  82  97  76  85 112  36  71
38:  68  99  40  56  78  18  25 116  94 100   2
39:   4  97  86  60  34  44
40:   2  55
41:  34 114  14  76  45  35  62  47   5
42: 111  48   1  95  32  18  58   2   3  13  93  87
43:  17   9
44:  52  82 110  56  49  64  96 115  80  29 119
45:   3 101  98  70  33   4
46:  50 115  53  98  69  78   3  24  17
47: 105 115  68 101  77  94 114 110   0  14  58  24  52
48:  30  42  37  38  77  55  75  34 115  51
49:   6   4  25  84  42  91  16  69  21  73  57  50  78  70 102  92
50: 104  50   1 114  10  57  44  27  11  55
51:   4  73  12  23  36  94  14  88  68  47  20  16  90  82  27
52:  58 111  91  34 104 114  27
53:   1  47  64
54:  49  87  34  81  19 115  28  54  90  50  85  71
55:  28  66  19 111 114  52  81  84  51  21  91
56:  51  76 100  25  70 112  87  89  66 110  44  18  17  48  33  78  49  41
57:  88  37  15  84 100  25  56  24  11  81  86  98   4  94  96
58: 118  55  80
59:  98  51  64  39  27   2  87  33  88
